1,2638944,2.703|2,2638944,2.703|3,2638944,2.703|4,2638944,2.703|5,2638944,2.703|6,2638944,2.703|7,2638944,2.703|8,2638944,2.703|9,2638944,2.703|10,2638944,2.703|11,2638944,2.703|12,2638944,2.703|13,2638944,2.703|14,2638944,2.703|15,2638944,2.703|16,2638944,2.703|17,2638944,2.703|18,2638944,2.703|19,2638944,2.703|20,2638944,2.703|21,2638944,2.703|22,2638944,2.703|23,2638944,2.703|24,2638944,2.703|25,2638944,2.703|26,2638944,2.703|27,2638944,2.703|28,2638944,2.703|29,2638944,2.703|30,2638944,2.703|31,2638944,2.703|32,2638944,2.703|33,2638944,2.703|34,2638944,2.703|35,2638944,2.703|36,2638944,2.703|37,2638944,2.703
1,2638944,16.216|2,2272424,13.964|3,1947792,11.969|4,1661352,10.209|5,1409632,8.662|6,1189377,7.309|7,997542,6.13|8,831285,5.108|9,687960,4.227|10,565110,3.473|11,460460,2.83|12,371910,2.285|13,297528,1.828|14,235543,1.447|15,184338,1.133|16,142443,0.875|17,108528,0.667|18,81396,0.5|19,59976,0.369|20,43316,0.266|21,30576,0.188|22,21021,0.129|23,14014,0.086|24,9009,0.055|25,5544,0.034|26,3234,0.02|27,1764,0.011|28,882,0.005|29,392,0.002|30,147,0.001|31,42,0|32,7,0|33,0,0|34,0,0|35,0,0|36,0,0|37,0,0
1,0,0|2,366520,2.252|3,649264,3.99|4,859320,5.28|5,1006880,6.187|6,1101275,6.767|7,1151010,7.073|8,1163799,7.152|9,1146600,7.046|10,1105650,6.794|11,1046500,6.431|12,974050,5.986|13,892584,5.485|14,805805,4.952|15,716870,4.405|16,628425,3.862|17,542640,3.335|18,461244,2.834|19,385560,2.369|20,316540,1.945|21,254800,1.566|22,200655,1.233|23,154154,0.947|24,115115,0.707|25,83160,0.511|26,57750,0.355|27,38220,0.235|28,23814,0.146|29,13720,0.084|30,7105,0.044|31,3150,0.019|32,1085,0.007|33,224,0.001|34,0,0|35,0,0|36,0,0|37,0,0
1,0,0|2,0,0|3,41888,0.257|4,114576,0.704|5,208320,1.28|6,314650,1.934|7,426300,2.62|8,537138,3.301|9,642096,3.946|10,737100,4.529|11,819000,5.033|12,885500,5.441|13,935088,5.746|14,966966,5.942|15,980980,6.028|16,977550,6.007|17,957600,5.884|18,922488,5.669|19,873936,5.37|20,813960,5.002|21,744800,4.577|22,668850,4.11|23,588588,3.617|24,506506,3.112|25,425040,2.612|26,346500,2.129|27,273000,1.678|28,206388,1.268|29,148176,0.911|30,99470,0.611|31,60900,0.374|32,32550,0.2|33,13888,0.085|34,3696,0.023|35,0,0|36,0,0|37,0,0
1,0,0|2,0,0|3,0,0|4,3696,0.023|5,13888,0.085|6,32550,0.2|7,60900,0.374|8,99470,0.611|9,148176,0.911|10,206388,1.268|11,273000,1.678|12,346500,2.129|13,425040,2.612|14,506506,3.112|15,588588,3.617|16,668850,4.11|17,744800,4.577|18,813960,5.002|19,873936,5.37|20,922488,5.669|21,957600,5.884|22,977550,6.007|23,980980,6.028|24,966966,5.942|25,935088,5.746|26,885500,5.441|27,819000,5.033|28,737100,4.529|29,642096,3.946|30,537138,3.301|31,426300,2.62|32,314650,1.934|33,208320,1.28|34,114576,0.704|35,41888,0.257|36,0,0|37,0,0
1,0,0|2,0,0|3,0,0|4,0,0|5,224,0.001|6,1085,0.007|7,3150,0.019|8,7105,0.044|9,13720,0.084|10,23814,0.146|11,38220,0.235|12,57750,0.355|13,83160,0.511|14,115115,0.707|15,154154,0.947|16,200655,1.233|17,254800,1.566|18,316540,1.945|19,385560,2.369|20,461244,2.834|21,542640,3.335|22,628425,3.862|23,716870,4.405|24,805805,4.952|25,892584,5.485|26,974050,5.986|27,1046500,6.431|28,1105650,6.794|29,1146600,7.046|30,1163799,7.152|31,1151010,7.073|32,1101275,6.767|33,1006880,6.187|34,859320,5.28|35,649264,3.99|36,366520,2.252|37,0,0
1,0,0|2,0,0|3,0,0|4,0,0|5,0,0|6,7,0|7,42,0|8,147,0.001|9,392,0.002|10,882,0.005|11,1764,0.011|12,3234,0.02|13,5544,0.034|14,9009,0.055|15,14014,0.086|16,21021,0.129|17,30576,0.188|18,43316,0.266|19,59976,0.369|20,81396,0.5|21,108528,0.667|22,142443,0.875|23,184338,1.133|24,235543,1.447|25,297528,1.828|26,371910,2.285|27,460460,2.83|28,565110,3.473|29,687960,4.227|30,831285,5.108|31,997542,6.13|32,1189377,7.309|33,1409632,8.662|34,1661352,10.209|35,1947792,11.969|36,2272424,13.964|37,2638944,16.216
1,13194720,16.216|2,11362120,13.964|3,9738960,11.969|4,8306760,10.209|5,7048160,8.662|6,5946885,7.309|7,4987710,6.13|8,4156425,5.108|9,3439800,4.227|10,2825550,3.473|11,2302300,2.83|12,1859550,2.285|13,1487640,1.828|14,1177715,1.447|15,921690,1.133|16,712215,0.875|17,542640,0.667|18,406980,0.5|19,299880,0.369|20,216580,0.266|21,152880,0.188|22,105105,0.129|23,70070,0.086|24,45045,0.055|25,27720,0.034|26,16170,0.02|27,8820,0.011|28,4410,0.005|29,1960,0.002|30,735,0.001|31,210,0|32,35,0
1,2638944,16.216|2,2272424,13.964|3,1947792,11.969|4,1661352,10.209|5,1409632,8.662|6,1189377,7.309|7,997542,6.13|8,831285,5.108|9,687960,4.227|10,565110,3.473|11,460460,2.83|12,371910,2.285|13,297528,1.828|14,235543,1.447|15,184338,1.133|16,142443,0.875|17,108528,0.667|18,81396,0.5|19,59976,0.369|20,43316,0.266|21,30576,0.188|22,21021,0.129|23,14014,0.086|24,9009,0.055|25,5544,0.034|26,3234,0.02|27,1764,0.011|28,882,0.005|29,392,0.002|30,147,0.001|31,42,0|32,7,0
1,2638944,16.216|2,2272424,13.964|3,1947792,11.969|4,1661352,10.209|5,1409632,8.662|6,1189377,7.309|7,997542,6.13|8,831285,5.108|9,687960,4.227|10,565110,3.473|11,460460,2.83|12,371910,2.285|13,297528,1.828|14,235543,1.447|15,184338,1.133|16,142443,0.875|17,108528,0.667|18,81396,0.5|19,59976,0.369|20,43316,0.266|21,30576,0.188|22,21021,0.129|23,14014,0.086|24,9009,0.055|25,5544,0.034|26,3234,0.02|27,1764,0.011|28,882,0.005|29,392,0.002|30,147,0.001|31,42,0|32,7,0
1,2638944,16.216|2,2272424,13.964|3,1947792,11.969|4,1661352,10.209|5,1409632,8.662|6,1189377,7.309|7,997542,6.13|8,831285,5.108|9,687960,4.227|10,565110,3.473|11,460460,2.83|12,371910,2.285|13,297528,1.828|14,235543,1.447|15,184338,1.133|16,142443,0.875|17,108528,0.667|18,81396,0.5|19,59976,0.369|20,43316,0.266|21,30576,0.188|22,21021,0.129|23,14014,0.086|24,9009,0.055|25,5544,0.034|26,3234,0.02|27,1764,0.011|28,882,0.005|29,392,0.002|30,147,0.001|31,42,0|32,7,0
1,2638944,16.216|2,2272424,13.964|3,1947792,11.969|4,1661352,10.209|5,1409632,8.662|6,1189377,7.309|7,997542,6.13|8,831285,5.108|9,687960,4.227|10,565110,3.473|11,460460,2.83|12,371910,2.285|13,297528,1.828|14,235543,1.447|15,184338,1.133|16,142443,0.875|17,108528,0.667|18,81396,0.5|19,59976,0.369|20,43316,0.266|21,30576,0.188|22,21021,0.129|23,14014,0.086|24,9009,0.055|25,5544,0.034|26,3234,0.02|27,1764,0.011|28,882,0.005|29,392,0.002|30,147,0.001|31,42,0|32,7,0
1,2638944,16.216|2,2272424,13.964|3,1947792,11.969|4,1661352,10.209|5,1409632,8.662|6,1189377,7.309|7,997542,6.13|8,831285,5.108|9,687960,4.227|10,565110,3.473|11,460460,2.83|12,371910,2.285|13,297528,1.828|14,235543,1.447|15,184338,1.133|16,142443,0.875|17,108528,0.667|18,81396,0.5|19,59976,0.369|20,43316,0.266|21,30576,0.188|22,21021,0.129|23,14014,0.086|24,9009,0.055|25,5544,0.034|26,3234,0.02|27,1764,0.011|28,882,0.005|29,392,0.002|30,147,0.001|31,42,0|32,7,0
1,0,0|2,0,0|3,0,0|4,0,0|5,0,0|6,0,0|7,0,0|8,0,0|9,0,0|10,0,0|11,0,0|12,0,0|13,0,0|14,0,0|15,0,0|16,0,0|17,0,0|18,0,0|19,0,0|20,0,0|21,7,0|22,7,0|23,14,0|24,21,0|25,35,0|26,49,0|27,77,0|28,98,0.001|29,140,0.001|30,182,0.001|31,245,0.002|32,308,0.002|33,406,0.002|34,497,0.003|35,630,0.004|36,770,0.005|37,952,0.006|38,1141,0.007|39,1393,0.009|40,1645,0.01|41,1974,0.012|42,2317,0.014|43,2737,0.017|44,3178,0.02|45,3724,0.023|46,4284,0.026|47,4963,0.03|48,5677,0.035|49,6517,0.04|50,7399,0.045|51,8442,0.052|52,9520,0.059|53,10773,0.066|54,12089,0.074|55,13587,0.083|56,15155,0.093|57,16940,0.104|58,18781,0.115|59,20860,0.128|60,23023,0.141|61,25424,0.156|62,27909,0.171|63,30667,0.188|64,33495,0.206|65,36610,0.225|66,39816,0.245|67,43302,0.266|68,46872,0.288|69,50757,0.312|70,54698,0.336|71,58961,0.362|72,63294,0.389|73,67928,0.417|74,72618,0.446|75,77637,0.477|76,82670,0.508|77,88025,0.541|78,93394,0.574|79,99057,0.609|80,104706,0.643|81,110663,0.68|82,116543,0.716|83,122710,0.754|84,128793,0.791|85,135114,0.83|86,141309,0.868|87,147742,0.908|88,153972,0.946|89,160412,0.986|90,166635,1.024|91,173005,1.063|92,179109,1.101|93,185353,1.139|94,191254,1.175|95,197260,1.212|96,202909,1.247|97,208593,1.282|98,213871,1.314|99,219184,1.347|100,224014,1.377|101,228844,1.406|102,233184,1.433|103,237454,1.459|104,241199,1.482|105,244881,1.505|106,247968,1.524|107,250964,1.542|108,253372,1.557|109,255633,1.571|110,257285,1.581|111,258811,1.59|112,259672,1.596|113,260393,1.6|114,260484,1.601|115,260393,1.6|116,259672,1.596|117,258811,1.59|118,257285,1.581|119,255633,1.571|120,253372,1.557|121,250964,1.542|122,247968,1.524|123,244881,1.505|124,241199,1.482|125,237454,1.459|126,233184,1.433|127,228844,1.406|128,224014,1.377|129,219184,1.347|130,213871,1.314|131,208593,1.282|132,202909,1.247|133,197260,1.212|134,191254,1.175|135,185353,1.139|136,179109,1.101|137,173005,1.063|138,166635,1.024|139,160412,0.986|140,153972,0.946|141,147742,0.908|142,141309,0.868|143,135114,0.83|144,128793,0.791|145,122710,0.754|146,116543,0.716|147,110663,0.68|148,104706,0.643|149,99057,0.609|150,93394,0.574|151,88025,0.541|152,82670,0.508|153,77637,0.477|154,72618,0.446|155,67928,0.417|156,63294,0.389|157,58961,0.362|158,54698,0.336|159,50757,0.312|160,46872,0.288|161,43302,0.266|162,39816,0.245|163,36610,0.225|164,33495,0.206|165,30667,0.188|166,27909,0.171|167,25424,0.156|168,23023,0.141|169,20860,0.128|170,18781,0.115|171,16940,0.104|172,15155,0.093|173,13587,0.083|174,12089,0.074|175,10773,0.066|176,9520,0.059|177,8442,0.052|178,7399,0.045|179,6517,0.04|180,5677,0.035|181,4963,0.03|182,4284,0.026|183,3724,0.023|184,3178,0.02|185,2737,0.017|186,2317,0.014|187,1974,0.012|188,1645,0.01|189,1393,0.009|190,1141,0.007|191,952,0.006|192,770,0.005|193,630,0.004|194,497,0.003|195,406,0.002|196,308,0.002|197,245,0.002|198,182,0.001|199,140,0.001|200,98,0.001|201,77,0|202,49,0|203,35,0|204,21,0|205,14,0|206,7,0|207,7,0|208,0,0
זוגיים 0,189924,1.167|זוגיים 1,1465128,9.003|זוגיים 2,4151196,25.509|זוגיים 3,5534928,34.012|זוגיים 4,3662820,22.508|זוגיים 5,1139544,7.002|זוגיים 6,129948,0.799
1,2324784,14.286|2,2324784,14.286|3,2324784,14.286|4,2324784,14.286|5,2324784,14.286|6,2324784,14.286|7,2324784,14.286